807
411
175
87
819
594
503
33
657
195
512
292
149
471
318
290
704
430
579
37
117
272
699
461
768
534
470
237
48
348
556
173
285
795
614
743
166
361
607
529
71
277
661
449
400
721
176
554
440
73
519
758
180
474
595
790
611
641
323
730
325
229
869
540
91
46
598
319
714
192
367
450
403
502
570
108
25
188
209
352
76
725
694
66
437
590
797
500
196
861
225
760
88
294
328
630
496
363
241
806
499
261
305
235
574
342
92
170
472
466
482
381
401
307
280
823
444
625
259
310
616
473
490
455
55
647
666
521
711
278
610
78
168
160
799
18
650
675
636
551
844
286
222
129
64
410
689
326
771
786
824
720
662
270
317
732
609
458
549
77
624
484
61
291
350
15
114
297
122
840
265
863
655
420
485
218
841
506
560
865
298
571
775
701
787
433
843
739
422
347
716
109
631
293
124
29
425
435
817
89
163
724
535
834
528
338
729
580
837
804
93
370
157
794
755
138
236
803
805
23
858
632
495
250
439
204
683
839
567
320
431
809
851
538
738
842
612
289
344
850
826
28
127
197
143
331
152
434
314
487
761
187
43
516
395
764
202
741
144
213
667
35
146
822
128
845
349
831
316
671
788
442
387
792
130
402
481
727
392
164
115
67
295
545
517
544
478
648
383
749
781
260
413
867
801
820
262
183
132
539
682
391
223
765
281
789
287
405
559
248
17
428
686
782
177
230
301
388
577
283
576
703
530
40
72
566
692
120
605
763
750
141
578
184
695
663
140
258
816
700
70
505
90
436
135
113
613
19
121
302
384
22
628
100
99
52
767
592
849
245
116
759
333
182
830
181
36
284
814
681
346
390
103
251
859
59
252
142
708
468
802
813
639
510
836
615
710
147
356
438
871
214
208
385
669
705
448
75
85
637
313
63
240
489
678
827
406
112
536
855
747
441
242
74
462
620
687
860
276
555
642
779
718
857
118
742
145
232
368
253
828
702
220
362
808
322
154
178
856
212
864
266
373
148
399
330
537
351
818
709
257
408
30
110
638
274
193
507
564
137
452
58
811
51
597
186
337
221
679
780
167
179
723
57
254
415
125
626
719
821
498
96
740
256
360
79
672
680
736
53
622
728
429
546
354
16
407
376
501
308
151
134
601
735
219
269
244
791
95
548
635
488
513
643
633
239
423
397
693
588
365
523
591
658
784
848
674
416
296
557
68
832
573
339
247
341
800
491
497
644
275
136
665
233
282
231
465
483
312
161
24
522
783
654
774
762
492
131
737
541
206
677
243
656
414
97
39
629
527
169
119
853
201
378
82
60
271
228
334
584
20
796
426
673
733
139
835
443
457
766
713
467
600
586
685
315
382
688
379
621
86
543
309
722
568
525
778
583
756
364
393
111
377
32
21
533
394
659
12
194
776
102
432
299
216
575
569
852
565
190
327
511
226
606
676
550
829
772
207
417
477
158
456
398
582
421
634
159
371
757
80
508
155
769
54
773
332
815
273
217
324
748
13
198
868
389
866
409
561
862
585
215
493
81
238
224
189
355
94
47
56
83
745
646
715
150
726
526
480
185
469
101
812
854
246
475
589
205
171
649
562
476
785
798
652
651
165
518
547
754
65
515
870
514
44
619
34
770
427
357
31
558
303
793
603
84
359
191
653
396
174
234
446
300
690
123
604
69
329
304
479
447
374
734
698
445
203
418
335
249
707
211
753
670
358
520
494
460
833
104
572
664
697
306
50
386
486
731
684
464
380
459
210
42
227
199
156
38
404
563
668
608
504
599
645
602
746
340
419
744
627
752
717
107
49
153
369
751
524
846
712
126
375
618
581
27
321
133
279
343
172
14
255
98
552
267
509
366
200
311
264
838
41
593
847
263
162
617
454
623
691
453
424
336
706
825
542
105
532
26
372
660
288
345
45
553
587
531
412
62
463
596
810
106
777
268
696
353
451
